319
182
260
445
208
 69
139
104
500
229
219
214
422
454
247
308
335
 41
457
 61
397
364
408
257
 51
170
403
288
119
215
301
311
160
  8
379
299
112
 28
330
 93
449
284
339
118
179
276
 77
 87
 32
128
256
434
415
153
 53
465
367
353
275
 27
361
154
326
472
 33
302
125
 85
463
 58
203
342
271
381
117
348
467
149
475
223
 83
389
375
135
242
488
269
282
 94
320
314
447
121
438
248
205
401
306
407
358
424
255
  7
398
477
 89
286
352
224
211
267
362
 59
 48
455
378
402
498
150
202
199
109
440
 31
396
298
305
127
394
137
478
 71
328
 42
432
386
387
264
450
261
437
392
 72
423
185
377
489
228
244
382
221
499
291
327
180
213
476
218
236
466
333
413
225
270
147
237
484
 23
354
250
 97
114
317
253
108
433
391
201
366
419
334
102
385
167
297
 70
 96
 38
307
 79
161
404
 74
177
435
 11
310
191
283
293
113
410
340
163
  5
470
 84
130
134
172
460
294
141
152
 54
101
245
495
384
 37
 17
173
292
 22
 50
105
487
238
235
406
254
351
129
 95
 12
132
344
 16
 52
116
 66
313
220
458
287
479
233
193
446
 91
100
157
133
246
 45
258
183
278
234
  4
 20
483
304
212
197
106
158
315
405
155
151
200
376
  9
103
 18
 40
393
429
 73
243
190
 57
241
486
 46
390
148
 15
496
343
388
272
 88
178
204
  2
444
 56
226
374
196
462
 98
468
 55
451
281
395
123
436
216
 64
341
209
140
452
206
181
461
 10
 44
357
 92
156
 82
195
146
265
143
 13
 19
 63
194
165
349
 65
217
448
323
485
 24
480
111
192
 80
363
492
322
425
428
 35
336
346
 60
426
120
453
 39
412
300
309
 30
365
360
210
481
227
345
110
430
144
329
 49
418
411
 21
 62
416
252
169
369
222
 86
279
175
439
184
 29
126
 76
380
159
198
171
274
318
355
285
473
231
124
 26
370
 78
280
420
296
493
186
168
 36
 43
471
414
368
 75
268
240
107
176
251
331
 25
421
338
162
337
189
474
131
482
373
230
290
371
277
174
239
443
  6
325
  3
350
356
249
289
122
316
332
312
347
359
442
441
295
164
 90
469
497
372
491
409
115
 67
142
324
 99
400
259
494
 81
321
490
399
187
136
207
188
303
459
 47
263
  1
383
 68
145
431
166
464
138
456
266
273
 34
232
 14
262
427
417